1023
511
255
767
639
127
383
895
831
319
63
575
703
191
447
959
927
415
159
671
543
31
287
799
863
351
95
607
735
223
479
991
975
463
207
719
591
79
335
847
783
271
15
527
655
143
399
911
943
431
175
687
559
47
303
815
879
367
111
623
751
239
495
1007
999
487
231
743
615
103
359
871
807
295
39
551
679
167
423
935
903
391
135
647
519
7
263
775
839
327
71
583
711
199
455
967
983
471
215
727
599
87
343
855
791
279
23
535
663
151
407
919
951
439
183
695
567
55
311
823
887
375
119
631
759
247
503
1015
1011
499
243
755
627
115
371
883
819
307
51
563
691
179
435
947
915
403
147
659
531
19
275
787
851
339
83
595
723
211
467
979
963
451
195
707
579
67
323
835
771
259
3
515
643
131
387
899
931
419
163
675
547
35
291
803
867
355
99
611
739
227
483
995
1003
491
235
747
619
107
363
875
811
299
43
555
683
171
427
939
907
395
139
651
523
11
267
779
843
331
75
587
715
203
459
971
987
475
219
731
603
91
347
859
795
283
27
539
667
155
411
923
955
443
187
699
571
59
315
827
891
379
123
635
763
251
507
1019
1017
505
249
761
633
121
377
889
825
313
57
569
697
185
441
953
921
409
153
665
537
25
281
793
857
345
89
601
729
217
473
985
969
457
201
713
585
73
329
841
777
265
9
521
649
137
393
905
937
425
169
681
553
41
297
809
873
361
105
617
745
233
489
1001
993
481
225
737
609
97
353
865
801
289
33
545
673
161
417
929
897
385
129
641
513
1
257
769
833
321
65
577
705
193
449
961
977
465
209
721
593
81
337
849
785
273
17
529
657
145
401
913
945
433
177
689
561
49
305
817
881
369
113
625
753
241
497
1009
1013
501
245
757
629
117
373
885
821
309
53
565
693
181
437
949
917
405
149
661
533
21
277
789
853
341
85
597
725
213
469
981
965
453
197
709
581
69
325
837
773
261
5
517
645
133
389
901
933
421
165
677
549
37
293
805
869
357
101
613
741
229
485
997
1005
493
237
749
621
109
365
877
813
301
45
557
685
173
429
941
909
397
141
653
525
13
269
781
845
333
77
589
717
205
461
973
989
477
221
733
605
93
349
861
797
285
29
541
669
157
413
925
957
445
189
701
573
61
317
829
893
381
125
637
765
253
509
1021
1020
508
252
764
636
124
380
892
828
316
60
572
700
188
444
956
924
412
156
668
540
28
284
796
860
348
92
604
732
220
476
988
972
460
204
716
588
76
332
844
780
268
12
524
652
140
396
908
940
428
172
684
556
44
300
812
876
364
108
620
748
236
492
1004
996
484
228
740
612
100
356
868
804
292
36
548
676
164
420
932
900
388
132
644
516
4
260
772
836
324
68
580
708
196
452
964
980
468
212
724
596
84
340
852
788
276
20
532
660
148
404
916
948
436
180
692
564
52
308
820
884
372
116
628
756
244
500
1012
1008
496
240
752
624
112
368
880
816
304
48
560
688
176
432
944
912
400
144
656
528
16
272
784
848
336
80
592
720
208
464
976
960
448
192
704
576
64
320
832
768
256
0
512
640
128
384
896
928
416
160
672
544
32
288
800
864
352
96
608
736
224
480
992
1000
488
232
744
616
104
360
872
808
296
40
552
680
168
424
936
904
392
136
648
520
8
264
776
840
328
72
584
712
200
456
968
984
472
216
728
600
88
344
856
792
280
24
536
664
152
408
920
952
440
184
696
568
56
312
824
888
376
120
632
760
248
504
1016
1018
506
250
762
634
122
378
890
826
314
58
570
698
186
442
954
922
410
154
666
538
26
282
794
858
346
90
602
730
218
474
986
970
458
202
714
586
74
330
842
778
266
10
522
650
138
394
906
938
426
170
682
554
42
298
810
874
362
106
618
746
234
490
1002
994
482
226
738
610
98
354
866
802
290
34
546
674
162
418
930
898
386
130
642
514
2
258
770
834
322
66
578
706
194
450
962
978
466
210
722
594
82
338
850
786
274
18
530
658
146
402
914
946
434
178
690
562
50
306
818
882
370
114
626
754
242
498
1010
1014
502
246
758
630
118
374
886
822
310
54
566
694
182
438
950
918
406
150
662
534
22
278
790
854
342
86
598
726
214
470
982
966
454
198
710
582
70
326
838
774
262
6
518
646
134
390
902
934
422
166
678
550
38
294
806
870
358
102
614
742
230
486
998
1006
494
238
750
622
110
366
878
814
302
46
558
686
174
430
942
910
398
142
654
526
14
270
782
846
334
78
590
718
206
462
974
990
478
222
734
606
94
350
862
798
286
30
542
670
158
414
926
958
446
190
702
574
62
318
830
894
382
126
638
766
254
510
1022
